lambda1 = 1.12 --> QoS1 = 1.330361

1.03 1.2272507357608735
1.04 1.227727250735761
1.05 1.1867277272507357
1.06 1.178520061060584
1.07 1.2261785200610609
1.08 1.1855595118533944
1.09 1.1840188928451867
1.1 1.172684018892845
1.11 1.20283935068556
1.12 1.1330361726840184
1.13 1.1656330361726837
1.14 1.177998966369506
1.15 1.1445113322997027
1.16 1.1366445113322994
1.17 1.1158033111779988
1.18 1.0921158033111775
1.19 1.103925449136644
1.2 1.1169372587824695
1.21 1.1087836039254488
1.22 1.082608783603925


1.08 1.1634978475230278
1.081 1.1899968311808566
1.082 1.1771899968311803
1.083 1.1823438566634976
1.084 1.2073490105233302
1.085 1.1733740156771901
1.086 1.1433400406823435
1.087 1.2016433400406819
1.088 1.1877016433400405
1.089 1.1485210349766735
1.09 1.165315187701643
1.091 1.1649986485210346
1.092 1.1904983319818547
1.093 1.1798571649986482
1.094 1.1693465238316654
1.095 1.182836013190498
1.096 1.1555161693465235
1.097 1.1786555161693466
1.098 1.165511988849502
1.099 1.1766655119888492
1.1 1.190676665511989
1.101 1.167024009998845
1.102 1.1743336906766653
1.103 1.1641743336906762
1.104 1.1583308410003574
1.105 1.1809916641743332
1.106 1.168347658330841
1.107 1.1793350143249972
1.108 1.161679335014325
1.109 1.1529950126683473
1.11 1.1939863283460015
1.111 1.1431939863283456
1.112 1.1363098606529944
1.113 1.1788029765273191
1.114 1.1805121363098605
1.115 1.1653471788029763
1.116 1.1686653471788029
1.117 1.1785019986805116
1.118 1.1670118353320136
1.119 1.1588336785019986
1.12 1.1718255003451687
1.121 1.1555051588336784
1.122 1.1791555051588334
1.123 1.1800124888384917
1.124 1.1335133458221713
1.125 1.1436335133458222
1.126 1.1453103001800122
1.127 1.1531453103001803
1.128 1.1511531453102999
1.129 1.1406511531453103
1.13 1.1643073178198118
1.131 1.193997640651153
1.132 1.1508606643073178
1.133 1.152650860664307
1.134 1.1533193175273309
1.135 1.132319985984194
1.136 1.1187989866526509
1.137 1.1551187989866523
1.138 1.148321785465653
1.139 1.1344816551187988
1.14 1.1954678149884521
1.141 1.1300288011483213
1.142 1.1467966954678146
1.143 1.1674801300288011
1.144 1.1658341467966955
1.145 1.1646658341467966
1.146 1.1103313325008133
1.147 1.1317769979991672
1.148 1.1234651103313318
1.149 1.1346234651103313
1.15 1.15363462346511
1.151 1.1523203012901315
1.152 1.1526523203012895
1.153 1.1186526523203009
1.154 1.1649519859856532
1.155 1.1119982853193182
1.156 1.1407786649519855
1.157 1.1273074453316185
1.158 1.1694606407786645
1.159 1.160502793974112
1.16 1.1428271694606407
1.161 1.1203094938361269
1.162 1.134786976160503
1.163 1.1536347869761603
1.164 1.1211536347869762
1.165 1.1359544869681202
1.166 1.1189692878203013
1.167 1.1554523026211538
1.168 1.0889887856359544
1.169 1.136088988785636
1.17 1.139636088988785
1.171 1.131306302755655
1.172 1.1542979729694223
1.173 1.102820964639636
1.174 1.101436154297973
1.175 1.1236014361542974
1.176 1.1376236014361538
1.177 1.1329709569347692
1.178 1.1341329709569348
1.179 1.1019674663042902
1.18 1.137768634132971
1.181 1.1431377686341326
1.182 1.1109764711019672
1.183 1.1096109764711017
1.184 1.1139429443098041
1.185 1.127447276277643
1.186 1.124127447276277
1.187 1.114124127447276
1.188 1.1524474574607804
1.189 1.1118191141241272
1.19 1.0899451524474568
1.191 1.115089945152447
1.192 1.1097817566118187
1.193 1.1274431150899447
1.194 1.082960776448423
1.195 1.111249627443115
1.196 1.1121112496274432
1.197 1.118112111249627
1.198 1.1041181121112496
1.199 1.1382707847787779
1.2 1.1126382707847786
1.201 1.119779304937451
1.202 1.1327864459716042
1.203 1.0739661197793042
1.204 1.1114072994531123
1.205 1.1067780739661195
1.206 1.1176067780739656
1.207 1.1212842734447401
1.208 1.1167879509401113
1.209 1.083950121284273
1.21 1.1164172834546169
1.211 1.1257830839501208
1.212 1.1379591164172833
1.213 1.10347129244975
1.214 1.0829368046257828
1.215 1.124416270137959
1.216 1.1009577496034708
1.217 1.1431009577496039
1.218 1.1083097676244158
1.219 1.1187749764342907
1.22 1.1381187749764343
1.221 1.12347145210831
1.222 1.084123471452108
1.223 1.1137507901381185
1.224 1.120947084123471
1.225 1.1037876137507898
1.226 1.0859371209470836
1.227 1.1209192704542805
1.228 1.1091209192704539
1.229 1.1117757875859369
1.23 1.0661117757875855
1.231 1.1205661117757877
1.232 1.0697872327784423
1.233 1.1112364538994448
1.234 1.1109445697872322
1.235 1.1106109445697872
1.236 1.141277277611236
1.237 1.1063079439442773
1.238 1.091606307943944
1.239 1.105924939641277
1.24 1.0839392582729739
1.241 1.1252506059249392
1.242 1.079458583939258
1.243 1.1254127919172725
1.244 1.0892920794585832
1.245 1.113589292079458
1.246 1.0966135892920792
1.247 1.0785966135892915
1.248 1.094578596613589
1.249 1.0780945785966132
1.25 1.094744761245263
1.251 1.0950947447612447
1.252 1.06959509474476
1.253 1.1005695950947443
1.254 1.1082672362617607
1.255 1.0776082672362612
1.256 1.1060776082672361
1.257 1.095106077608267
1.258 1.0862617727442747
1.259 1.096586261772744
1.26 1.075596586261772
1.261 1.0755755965862615
1.262 1.0877422422632526
1.263 1.0995877422422626
1.264 1.072266254408909
1.265 1.0544055995877415
1.266 1.0655544055995878
1.267 1.0623988877389325
1.268 1.0640623988877382
1.269 1.0958973957322204
1.27 1.0640958973957315
1.271 1.085230762564062
1.272 1.0805852307625636
1.273 1.0840805852307622
1.274 1.0752507472518966
1.275 1.070908584080585
1.276 1.0615709085840799
1.277 1.0965615709085836
1.278 1.0705965615709083
1.279 1.0812372632282374
1.28 1.081581237263228
1.281 1.0594149145705962
1.282 1.0685594149145703
1.283 1.0710685594149139
1.284 1.0774044018927478
1.285 1.062744071068559
1.286 1.098229410737735
